0 1
1 2
1 3
2 4
3 5
4 6
5 7
5 8
5 9
5 10
6 11
7 11
8 12
9 13
10 13
11 14
12 15
13 15
14 15
15 16
16 17
17 18
18 18
18 19
19 20
19 21
20 22
20 23
21 24
22 25
23 26
24 27
24 28
25 28
26 28
27 29
28 30
29 31
29 32
29 33
29 34
30 35
31 36
32 36
33 37
34 38
35 39
35 40
36 41
37 41
38 42
39 42
40 43
41 44
42 45
43 45
43 46
44 47
44 48
44 49
45 50
46 51
47 52
47 53
48 54
49 54
50 55
51 56
52 57
52 58
53 59
54 60
54 61
54 62
55 62
56 63
57 63
58 64
59 64
60 64
60 65
61 66
62 66
63 67
64 67
65 68
66 69
66 70
67 71
68 71
69 71
69 72
70 73
70 74
70 75
70 76
71 77
71 78
71 79
72 79
73 80
74 81
75 82
75 83
75 84
76 85
77 86
78 87
79 88
80 89
81 90
81 91
81 92
82 92
83 92
84 93
84 94
85 95
86 96
87 97
88 98
88 99
89 100
90 101
90 102
91 103
92 104
93 105
94 105
95 105
96 105
97 106
98 107
99 107
100 107
101 107
101 108
101 109
102 109
103 109
104 109
105 110
106 111
107 112
108 113
109 114
109 115
110 115
111 116
112 117
112 118
113 118
114 119
115 120
116 120
117 121
117 122
118 122
118 123
119 123
120 124
120 125
121 126
122 126
122 127
123 128
124 129
125 130
125 131
126 132
127 133
128 134
129 134
130 134
131 135
132 136
132 137
132 138
133 139
134 140
135 141
136 142
137 142
137 143
137 144
138 145
139 145
139 146
140 147
141 148
142 148
143 149
143 150
144 150
145 151
145 152
146 153
147 154
148 155
148 156
149 157
150 157
150 158
151 158
151 159
152 160
153 161
154 162
155 162
156 162
157 162
158 162
159 163
160 164
160 165
161 166
162 167
163 168
164 168
165 168
165 169
166 170
166 171
167 172
168 172
169 173
170 173
171 174
171 175
171 176
172 176
173 177
174 177
175 177
176 177
177 177
178 178
179 179
179 180
180 181
181 182
181 183
182 184
183 185
183 186
184 186
185 187
185 188
185 189
186 190
187 190
188 191
188 192
189 193
189 194
190 195
191 196
192 196
193 197
194 198
195 199
195 200
196 200
197 200
198 201
199 202
200 203
201 204
201 205
202 206
203 207
204 207
204 208
205 209
205 210
206 211
207 211
208 212
208 213
209 214
210 215
211 215
212 216
213 217
213 218
214 218
214 219
215 219
216 220
217 221
218 222
218 223
219 224
220 224
220 225
220 226
221 227
221 228
221 229
222 230
223 231
224 232
224 233
225 233
225 234
225 235
226 236
227 237
228 237
228 238
228 239
228 240
229 241
230 242
231 243
232 243
232 244
232 245
233 245
234 246
235 247
236 248
237 248
238 249
239 250
240 251
241 252
242 252
243 253
244 254
244 255
245 256
246 256
247 256
248 257
248 258
249 259
250 259
251 260
252 261
253 262
254 263
255 264
256 264
257 265
258 265
258 266
259 267
259 268
260 268
260 269
261 270
262 270
262 271
263 272
264 272
265 273
266 274
267 275
268 276
269 277
270 278
270 279
271 279
272 280
273 281
274 281
275 282
276 283
277 284
278 285
278 286
279 287
279 288
280 288
280 289
281 290
281 291
281 292
281 293
282 293
283 294
284 295
285 295
286 296
287 296
288 297
289 298
290 299
290 300
291 301
292 302
293 303
294 304
294 305
294 306
295 307
296 308
296 309
296 310
297 311
298 312
299 313
300 314
300 315
301 316
302 317
303 318
304 319
305 320
306 321
307 321
307 322
308 323
309 324
309 325
310 325
311 326
312 327
313 328
314 328
315 329
316 329
317 330
318 330
319 331
320 331
321 332
321 333
322 333
322 334
323 334
324 335
325 336
326 336
326 337
327 338
328 339
329 340
330 341
331 342
332 343
333 344
334 345
335 346
336 347
337 347
338 348
339 349
340 350
341 351
341 352
342 353
342 354
342 355
343 356
344 357
345 358
346 359
346 360
347 361
348 362
349 363
350 364
351 365
352 366
353 367
354 367
355 368
355 369
356 370
357 371
358 372
359 373
360 373
360 374
361 374
362 375
363 376
364 377
365 377
365 378
365 379
366 380
367 381
367 382
367 383
367 384
368 384
369 385
370 385
371 386
372 386
373 387
374 388
375 389
375 390
376 390
376 391
377 391
378 392
379 393
380 394
380 395
381 396
382 397
383 398
383 399
384 399
385 400
385 401
385 402
386 403
387 404
388 404
388 405
389 406
389 407
390 408
391 408
392 409
393 410
394 411
394 412
395 412
395 413
396 413
397 414
398 415
399 416
400 416
400 417
400 418
401 418
401 419
402 420
402 421
402 422
403 423
403 424
404 425
405 426
406 426
406 427
407 427
408 428
409 429
410 429
411 430
412 431
412 432
412 433
413 434
414 435
415 436
415 437
416 438
417 438
418 438
419 438
419 439
419 440
420 441
421 442
422 443
423 444
424 445
425 446
426 447
427 447
427 448
428 449
428 450
429 450
430 451
431 452
431 453
431 454
432 455
433 456
433 457
433 458
434 459
435 460
436 461
437 462
438 462
439 463
440 463
441 464
441 465
442 466
443 467
444 467
445 468
445 469
445 470
445 471
446 471
447 472
448 472
448 473
448 474
449 475
450 476
451 476
452 477
452 478
452 479
453 479
454 480
455 480
456 480
456 481
457 482
458 482
459 483
460 484
461 484
462 485
462 486
462 487
463 487
464 488
465 488
466 489
467 490
467 491
468 492
469 493
469 494
470 495
471 496
472 497
473 498
473 499
474 500
474 501
475 502
476 503
476 504
477 505
477 506
478 507
478 508
479 508
480 508
481 509
481 510
482 511
483 511
484 512
485 513
486 514
486 515
487 516
488 516
488 517
489 518
490 518
490 519
490 520
491 521
492 521
493 522
494 523
494 524
494 525
495 525
496 526
496 527
496 528
497 528
497 529
498 530
499 531
500 532
500 533
501 533
502 533
503 534
503 535
504 536
504 537
504 538
504 539
505 540
505 541
505 542
506 543
507 544
508 545
508 546
508 547
509 547
510 548
511 549
512 550
513 551
514 552
514 553
515 553
515 554
515 555
516 555
517 555
518 556
519 557
520 557
521 558
521 559
521 560
521 561
522 562
522 563
522 564
523 564
523 565
523 566
523 567
524 568
525 569
526 570
527 570
528 571
528 572
529 573
529 574
530 575
530 576
531 577
531 578
532 579
533 580
534 581
535 582
536 582
537 583
538 584
538 585
539 586
540 587
541 588
542 589
542 590
543 591
544 591
545 591
546 592
546 593
547 593
548 593
548 594
548 595
548 596
549 597
550 597
551 598
552 599
552 600
553 600
554 601
555 602
555 603
555 604
556 604
557 604
557 605
558 605
559 606
560 606
561 606
562 607
563 607
563 608
564 609
565 610
565 611
565 612
565 613
566 613
566 614
567 615
567 616
568 617
568 618
569 619
570 619
570 620
571 620
572 620
572 621
572 622
573 623
574 624
574 625
574 626
575 627
576 627
577 628
577 629
578 630
578 631
578 632
579 633
580 634
581 635
582 636
583 637
584 638
585 639
586 639
587 639
587 640
587 641
588 642
589 642
590 643
591 643
592 643
592 644
593 644
593 645
594 646
595 647
596 647
597 648
598 648
599 649
600 650
601 651
602 652
603 653
603 654
603 655
604 655
605 655
606 656
606 657
607 658
608 659
609 659
610 660
611 661
612 662
613 662
614 663
614 664
615 665
616 666
616 667
617 668
618 668
618 669
619 669
619 670
619 671
620 672
621 673
621 674
622 675
623 676
624 677
625 677
626 678
627 679
627 680
628 681
629 681
630 682
631 683
632 684
632 685
632 686
632 687
633 688
633 689
634 689
635 690
636 691
637 691
637 692
638 693
639 694
640 695
641 696
641 697
642 698
642 699
643 699
644 700
645 700
646 701
646 702
646 703
646 704
647 705
648 706
649 707
650 708
651 709
652 710
652 711
652 712
652 713
652 714
653 714
653 715
654 715
654 716
655 717
655 718
655 719
656 720
656 721
657 721
657 722
658 723
658 724
658 725
659 726
660 726
660 727
661 728
662 729
663 730
664 731
665 731
666 732
667 733
668 734
669 735
670 736
671 737
671 738
672 739
672 740
672 741
673 742
674 743
675 743
676 743
677 743
678 744
679 744
680 745
681 746
681 747
681 748
682 749
683 749
684 750
685 750
685 751
686 752
687 753
688 753
689 754
690 755
690 756
691 757
692 758
693 758
694 759
695 760
696 760
696 761
697 762
698 763
699 764
699 765
700 766
700 767
701 768
702 769
702 770
703 771
704 771
705 772
706 773
707 773
708 773
708 774
709 775
710 775
711 775
712 776
713 777
713 778
714 779
714 780
715 780
715 781
716 781
717 781
717 782
717 783
717 784
718 784
719 785
720 785
721 786
722 786
723 787
724 788
725 788
726 789
726 790
727 791
728 792
728 793
728 794
729 795
730 795
731 796
732 796
733 797
733 798
733 799
733 800
733 801
733 802
733 803
734 804
735 804
735 805
735 806
735 807
736 807
737 808
737 809
738 810
739 810
740 811
741 811
742 812
743 813
743 814
744 814
745 814
745 815
746 816
747 817
748 817
749 818
750 819
750 820
751 820
752 820
753 821
754 822
755 822
755 823
756 823
757 823
758 823
759 824
760 825
760 826
761 827
761 828
762 829
763 829
764 830
765 831
766 832
767 832
767 833
767 834
768 835
769 836
770 837
771 838
772 838
772 839
772 840
772 841
773 841
774 841
775 842
775 843
776 844
777 845
778 846
779 847
780 848
781 848
781 849
782 850
782 851
783 852
784 852
784 853
784 854
785 855
786 856
787 856
788 857
789 858
789 859
790 859
791 860
792 860
793 861
793 862
794 863
794 864
795 865
796 865
796 866
797 866
798 866
799 866
799 867
799 868
799 869
799 870
800 870
801 871
802 872
803 873
804 874
804 875
805 876
806 876
806 877
806 878
807 878
807 879
808 880
809 881
810 882
811 883
812 884
813 885
814 886
814 887
815 888
815 889
816 890
817 890
818 891
819 892
819 893
820 894
821 894
822 895
823 896
823 897
824 898
825 899
826 900
827 901
827 902
828 903
829 903
830 904
830 905
831 905
832 906
833 907
834 908
835 908
836 909
836 910
837 910
838 911
839 912
840 913
841 914
842 915
843 916
844 916
845 917
846 918
846 919
847 920
848 920
849 921
850 922
851 923
852 924
853 925
853 926
854 927
855 928
856 929
856 930
857 930
858 931
859 932
860 933
861 934
861 935
861 936
862 936
863 937
864 938
865 939
866 940
867 941
868 941
869 942
870 942
871 943
871 944
872 945
872 946
873 946
874 947
874 948
875 949
876 950
877 951
877 952
878 953
879 954
880 955
881 956
881 957
882 958
882 959
883 960
883 961
883 962
884 963
885 964
886 965
887 966
888 967
889 968
890 969
891 970
891 971
892 971
893 972
893 973
893 974
894 975
894 976
894 977
895 977
896 978
896 979
897 980
898 981
899 982
900 983
901 984
902 985
903 986
904 987
905 988
905 989
906 990
907 991
907 992
908 993
909 993
910 994
911 995
912 996
913 997
914 997
915 997
916 998
916 999
917 1000
918 1001
919 1002
919 1003
920 1004
921 1004
922 1005
923 1006
924 1007
925 1008
925 1009
926 1009
927 1010
927 1011
928 1011
929 1011
930 1011
931 1012
931 1013
932 1014
933 1015
934 1015
935 1016
936 1017
937 1018
937 1019
937 1020
937 1021
938 1021
938 1022
938 1023
939 1023
940 1024
941 1024
942 1024
943 1025
944 1025
945 1026
946 1026
947 1027
948 1028
948 1029
949 1030
949 1031
950 1031
951 1031
951 1032
952 1032
953 1032
953 1033
954 1033
955 1034
956 1034
957 1035
958 1036
959 1037
960 1038
960 1039
961 1040
962 1041
963 1042
964 1043
965 1044
966 1044
966 1045
967 1046
967 1047
967 1048
968 1048
969 1049
970 1050
971 1051
972 1052
973 1052
974 1053
975 1054
976 1055
976 1056
976 1057
977 1057
977 1058
978 1059
979 1059
980 1060
981 1060
981 1061
982 1062
983 1063
984 1064
985 1065
986 1066
987 1067
988 1068
989 1069
990 1070
991 1071
992 1071
993 1071
994 1072
995 1073
996 1074
996 1075
997 1075
998 1075
998 1076
999 1077
1000 1078
